0***
0 0
3 0
5 0
6 0
11 0
14 0
18 0
20 0
24 0
25 0
26 0
29 0
30 0
31 0
36 0
37 0
40 0
54 0
55 0
60 0
62 0
65 0
66 0
71 0
79 0
80 0
81 0
82 0
86 0
87 0
88 0
96 0
97 0
99 0
114 0
117 0
119 0
120 0
121 0
122 0
123 0
128 0
129 0
130 0
132 0
133 0
134 0
137 0
144 0
146 0
147 0
148 0
155 0
160 0
174 0
177 0
178 0
180 0
184 0
185 0
186 0
191 0
194 0
200 0
202 0
203 0
211 0
212 0
213 0
215 0
219 0
224 0
228 0
232 0
233 0
234 0
235 0
236 0
238 0
240 0
241 0
242 0
250 0
257 0
266 0
270 0
283 0
287 0
291 0
297 0
304 0
308 0
309 0
310 0
312 0
313 0
314 0
315 0
316 0
318 0
585 1
619 1
636 1
656 1
675 1
697 1
919 2
1072 2
1853 4
2483 6
2739 7
3163 8
3207 8
3228 8
3455 8
3570 9
3798 9
3805 9
3911 10
4047 10
4136 10
4406 11
4620 11
4847 12
5051 13
5112 13
5191 13
5218 13
5263 13
5269 13
5279 13
5297 13
5301 13
5331 13
5346 13
5374 13
5388 13
5396 13
5397 13
5409 13
5516 14
5621 14
5633 14
5679 14
5761 14
5769 14
5790 14
5792 14
5802 14
5834 15
5835 15
5836 15
5838 15
5840 15
5841 15
5845 15
5846 15
5847 15
5848 15
5849 15
5850 15
5851 15
5852 15
5854 15
5858 15
5859 15
5860 15
5861 15
5862 15
5865 15
5867 15
5868 15
5870 15
5873 15
5875 15
5876 15
5877 15
5878 15
5879 15
5881 15
5882 15
5883 15
5884 15
5886 15
5887 15
5888 15
5889 15
5891 15
5892 15
5893 15
5894 15
5895 15
5896 15
5902 15
5903 15
5906 15
5907 15
5908 15
5913 15
5914 15
5915 15
5916 15
5917 15
5918 15
5919 15
5921 15
5922 15
5923 15
5924 15
5926 15
5930 15
5931 15
5932 15
5933 15
5937 15
5938 15
5939 15
5940 15
5942 15
5946 15
5947 15
5949 15
5951 15
5952 15
5953 15
5954 15
5955 15
5957 15
5958 15
5961 15
5963 15
5964 15
5965 15
5967 15
5970 15
5971 15
5973 15
5974 15
5975 15
5977 15
5978 15
5980 15
5981 15
5983 15
5984 15
5985 15
5986 15
5987 15
5988 15
5989 15
5990 15
5993 15
5995 15
5996 15
5997 15
5999 15
6000 15
6001 15
6002 15
6003 15
6004 15
6005 15
6007 15
6008 15
6009 15
6011 15
6012 15
6013 15
6014 15
6018 15
6019 15
6020 15
6021 15
6022 15
6027 15
6029 15
6030 15
6031 15
6032 15
6033 15
6036 15
6037 15
6038 15
6039 15
6040 15
6042 15
6044 15
6046 15
6048 15
6051 15
6055 15
6056 15
6057 15
6058 15
6059 15
6060 15
6061 15
6064 15
6065 15
6066 15
6068 15
6069 15
6071 15
6072 15
6073 15
6074 15
6075 15
6078 15
6079 15
6081 15
6084 15
6085 15
6088 15
6089 15
6090 15
6092 15
6093 15
6095 15
6096 15
6098 15
6099 15
6101 15
6102 15
6103 15
6104 15
6105 15
6108 15
6110 15
6111 15
6113 15
6114 15
6115 15
6116 15
6117 15
6118 15
6119 15
6120 15
6123 15
6124 15
6125 15
6126 15
6127 15
6128 15
6129 15
6131 15
6132 15
6133 15
6134 15
6138 15
6141 15
6142 15
6143 15
6144 15
6148 15
6150 15
6152 15
6158 15
6159 15
6161 15
6162 15
6163 15
6164 15
6165 15
6166 15
6168 15
6169 15
6170 15
6173 15
6175 15
6176 15
6178 15
6182 15
6184 15
6185 15
6186 15
6188 15
6190 15
6191 15
6192 15
6193 15
6194 15
6198 15
6199 15
6200 15
6203 15
6204 15
6206 15
6208 15
6210 15
6211 15
6212 15
6213 15
6217 15
6219 15
6220 15
6222 15
6225 15
6227 15
6230 15
6566 16
6575 16
6590 16
6952 17
6961 17
6967 17
7000 18
7035 18
7076 18
7084 18
7126 18
7152 18
7190 18
7208 18
7213 18
7282 19
7286 19
7287 19
7288 19
7289 19
7291 19
7294 19
7295 19
7297 19
7298 19
7299 19
7302 19
7308 19
7317 19
7319 19
7320 19
7321 19
7328 19
7330 19
7332 19
7333 19
7334 19
7335 19
7343 19
7344 19
7345 19
7346 19
7349 19
7352 19
7357 19
7358 19
7364 19
7366 19
7369 19
7382 19
7383 19
7391 19
7393 19
7395 19
7396 19
7397 19
7398 19
7399 19
7400 19
7401 19
7407 19
7410 19
7415 19
7416 19
7417 19
7425 19
7429 19
7436 19
7444 19
7448 19
7449 19
7450 19
7453 19
7455 19
7458 19
7461 19
7463 19
7470 19
7472 19
7477 19
7480 19
7481 19
7485 19
7488 19
7489 19
7492 19
7495 19
7496 19
7505 19
7506 19
7515 19
7519 19
7520 19
7524 19
7526 19
7527 19
7529 19
7530 19
1***
320 1
321 1
322 1
324 1
330 1
337 1
338 1
341 1
343 1
345 1
346 1
348 1
349 1
353 1
354 1
355 1
357 1
360 1
361 1
363 1
364 1
365 1
367 1
368 1
371 1
372 1
373 1
374 1
375 1
376 1
377 1
378 1
379 1
381 1
382 1
388 1
389 1
391 1
393 1
397 1
398 1
399 1
400 1
402 1
403 1
404 1
405 1
406 1
408 1
409 1
411 1
412 1
413 1
414 1
416 1
418 1
421 1
422 1
423 1
425 1
426 1
430 1
432 1
433 1
435 1
436 1
438 1
439 1
441 1
442 1
444 1
446 1
447 1
448 1
449 1
451 1
452 1
459 1
460 1
461 1
462 1
466 1
467 1
468 1
471 1
475 1
476 1
478 1
479 1
481 1
483 1
486 1
487 1
492 1
493 1
494 1
495 1
496 1
503 1
505 1
506 1
507 1
510 1
511 1
512 1
513 1
515 1
518 1
520 1
521 1
525 1
526 1
529 1
530 1
534 1
535 1
537 1
541 1
545 1
547 1
552 1
554 1
556 1
558 1
559 1
560 1
563 1
564 1
567 1
568 1
570 1
571 1
572 1
573 1
574 1
575 1
576 1
583 1
584 1
588 1
589 1
593 1
594 1
596 1
597 1
599 1
600 1
602 1
604 1
607 1
609 1
610 1
611 1
613 1
615 1
616 1
617 1
622 1
626 1
632 1
634 1
637 1
641 1
642 1
644 1
648 1
651 1
652 1
655 1
657 1
660 1
661 1
662 1
665 1
669 1
670 1
671 1
674 1
676 1
678 1
680 1
681 1
682 1
687 1
691 1
693 1
698 1
699 1
700 1
701 1
702 1
705 1
706 1
708 2
709 2
710 2
711 2
712 2
714 2
716 2
717 2
719 2
720 2
721 2
722 2
724 2
725 2
726 2
727 2
730 2
731 2
735 2
736 2
737 2
739 2
740 2
742 2
744 2
747 2
748 2
749 2
750 2
751 2
752 2
753 2
754 2
755 2
757 2
758 2
759 2
760 2
761 2
762 2
763 2
764 2
765 2
767 2
768 2
769 2
770 2
771 2
772 2
773 2
777 2
778 2
779 2
780 2
783 2
785 2
787 2
788 2
789 2
790 2
791 2
792 2
793 2
794 2
796 2
798 2
799 2
802 2
803 2
805 2
806 2
807 2
810 2
813 2
815 2
816 2
817 2
818 2
819 2
820 2
821 2
824 2
826 2
827 2
828 2
830 2
831 2
837 2
839 2
840 2
841 2
842 2
843 2
844 2
846 2
847 2
848 2
849 2
850 2
851 2
852 2
853 2
854 2
855 2
856 2
857 2
859 2
860 2
861 2
862 2
863 2
864 2
865 2
866 2
867 2
869 2
870 2
871 2
872 2
873 2
874 2
876 2
877 2
880 2
881 2
882 2
883 2
884 2
885 2
886 2
887 2
888 2
890 2
891 2
892 2
893 2
895 2
897 2
898 2
899 2
900 2
903 2
904 2
905 2
907 2
908 2
909 2
910 2
911 2
912 2
915 2
916 2
917 2
918 2
920 2
921 2
922 2
923 2
925 2
926 2
927 2
928 2
931 2
933 2
934 2
936 2
938 2
940 2
942 2
945 2
946 2
948 2
949 2
950 2
952 2
953 2
954 2
955 2
959 2
960 2
961 2
963 2
964 2
965 2
966 2
968 2
969 2
970 2
974 2
975 2
976 2
977 2
979 2
980 2
981 2
982 2
983 2
984 2
987 2
988 2
989 2
990 2
992 2
994 2
995 2
996 2
998 2
999 2
1000 2
1002 2
1003 2
1004 2
1006 2
1008 2
1009 2
1010 2
1011 2
1012 2
1013 2
1015 2
1016 2
1018 2
1019 2
1020 2
1021 2
1024 2
1025 2
1027 2
1028 2
1029 2
1030 2
1031 2
1032 2
1034 2
1037 2
1038 2
1039 2
1041 2
1045 2
1047 2
1048 2
1050 2
1052 2
1053 2
1054 2
1055 2
1057 2
1059 2
1060 2
1061 2
1063 2
1065 2
1067 2
1068 2
1069 2
1070 2
1071 2
1075 2
1076 2
1079 2
1081 2
1083 2
1084 2
1085 2
1087 2
1088 2
1089 2
1093 2
1094 2
1095 2
1096 2
1098 2
1099 2
1100 2
1105 3
1114 3
1121 3
1122 3
1135 3
1139 3
1153 3
1159 3
1160 3
1176 3
1206 3
1207 3
1232 3
1253 3
1258 3
1268 3
1272 3
1278 3
1287 3
1289 3
1294 3
1328 3
1355 3
1366 3
1371 3
1375 3
1383 3
1387 3
1420 3
1426 3
1430 3
1458 3
1494 4
1502 4
1550 4
1597 4
1620 4
1629 4
1632 4
1649 4
1652 4
1700 4
1701 4
1713 4
1740 4
1746 4
1758 4
1794 4
1830 4
1840 4
1854 4
1873 4
1879 5
1880 5
1882 5
1884 5
1886 5
1887 5
1891 5
1892 5
1893 5
1894 5
1895 5
1896 5
1898 5
1900 5
1901 5
1902 5
1903 5
1904 5
1905 5
1906 5
1907 5
1908 5
1911 5
1913 5
1914 5
1915 5
1916 5
1917 5
1918 5
1919 5
1921 5
1922 5
1926 5
1927 5
1929 5
1930 5
1931 5
1932 5
1934 5
1935 5
1936 5
1939 5
1940 5
1942 5
1943 5
1944 5
1945 5
1946 5
1948 5
1950 5
1951 5
1953 5
1954 5
1955 5
1956 5
1957 5
1958 5
1959 5
1961 5
1962 5
1963 5
1965 5
1966 5
1967 5
1969 5
1972 5
1973 5
1975 5
1976 5
1978 5
1979 5
1980 5
1981 5
1983 5
1985 5
1986 5
1989 5
1990 5
1992 5
1995 5
1998 5
1999 5
2003 5
2004 5
2005 5
2006 5
2007 5
2008 5
2009 5
2010 5
2011 5
2012 5
2013 5
2016 5
2017 5
2018 5
2019 5
2021 5
2024 5
2025 5
2026 5
2027 5
2028 5
2029 5
2030 5
2032 5
2034 5
2036 5
2037 5
2038 5
2040 5
2042 5
2043 5
2044 5
2045 5
2047 5
2048 5
2049 5
2050 5
2053 5
2054 5
2055 5
2056 5
2057 5
2058 5
2060 5
2063 5
2065 5
2067 5
2068 5
2071 5
2072 5
2076 5
2077 5
2078 5
2080 5
2081 5
2083 5
2085 5
2086 5
2089 5
2090 5
2093 5
2094 5
2095 5
2096 5
2098 5
2099 5
2100 5
2101 5
2102 5
2103 5
2104 5
2105 5
2106 5
2107 5
2108 5
2109 5
2110 5
2112 5
2113 5
2115 5
2116 5
2118 5
2119 5
2120 5
2121 5
2122 5
2123 5
2124 5
2125 5
2126 5
2127 5
2128 5
2129 5
2131 5
2132 5
2133 5
2134 5
2135 5
2137 5
2138 5
2139 5
2142 5
2143 5
2146 5
2147 5
2148 5
2149 5
2152 5
2153 5
2155 5
2156 5
2157 5
2158 5
2160 5
2161 5
2162 5
2163 5
2164 5
2165 5
2166 5
2167 5
2170 5
2171 5
2172 5
2173 5
2174 5
2175 5
2176 5
2178 5
2180 5
2182 5
2183 5
2186 5
2187 5
2189 5
2190 5
2192 5
2194 5
2196 5
2198 5
2199 5
2201 5
2202 5
2203 5
2204 5
2205 5
2206 5
2208 5
2211 5
2212 5
2213 5
2215 5
2216 5
2217 5
2218 5
2219 5
2220 5
2221 5
2222 5
2224 5
2225 5
2226 5
2227 5
2228 5
2229 5
2230 5
2233 5
2237 5
2238 5
2239 5
2240 5
2241 5
2243 5
2244 5
2245 5
2246 5
2247 5
2248 5
2249 5
2251 5
2252 5
2254 5
2256 5
2257 5
2258 5
2259 5
2261 5
2263 5
2264 5
2265 5
2266 5
2267 5
2268 5
2271 5
2273 5
2359 6
2360 6
2386 6
2415 6
2419 6
2435 6
2439 6
2457 6
2485 6
2509 6
2510 6
2551 6
2587 6
2603 6
2662 6
2666 7
2788 7
3393 8
3658 9
3757 9
4486 11
4527 11
4549 11
4574 11
4643 11
4655 12
4656 12
4665 12
4699 12
4702 12
4709 12
4730 12
4732 12
4745 12
4758 12
4821 12
4862 12
4887 12
4889 12
4892 12
4904 12
4917 12
4922 12
4925 12
4933 12
4936 12
4959 12
4971 12
4979 12
4981 12
4990 12
5061 13
5080 13
5094 13
5439 14
5474 14
5601 14
5635 14
5701 14
6106 15
6172 15
6214 15
6215 15
7518 19
2***
135 0
428 1
437 1
498 1
516 1
566 1
635 1
646 1
659 1
715 2
734 2
766 2
781 2
978 2
1058 2
1197 3
1343 3
1370 3
1372 3
1511 4
1514 4
1554 4
1636 4
1703 4
1716 4
1735 4
1779 4
1823 4
1824 4
1825 4
1844 4
1862 4
2064 5
2144 5
2150 5
2235 5
2279 6
2290 6
2291 6
2306 6
2377 6
2421 6
2426 6
2447 6
2495 6
2505 6
2650 6
2651 6
2660 6
2661 6
2669 7
2673 7
2694 7
2705 7
2723 7
2732 7
2789 7
2810 7
2811 7
2821 7
2835 7
2842 7
2850 7
2859 7
2869 7
2882 7
2918 7
2926 7
2941 7
2953 7
2966 7
2988 7
3015 7
3017 7
3025 7
3027 7
3029 7
3032 7
3042 7
3051 7
3053 7
3295 8
3546 9
3578 9
3588 9
3701 9
3705 9
3783 9
3821 9
3839 9
4266 11
4305 11
4306 11
4332 11
4334 11
4358 11
4395 11
4417 11
4418 11
4419 11
4428 11
4437 11
4449 11
4450 11
4471 11
4477 11
4487 11
4495 11
4500 11
4506 11
4516 11
4525 11
4560 11
4565 11
4575 11
4576 11
4585 11
4603 11
4610 11
4618 11
4621 11
4625 11
4640 11
4646 11
4773 12
4785 12
4786 12
4833 12
4861 12
5006 12
5102 13
5122 13
5129 13
5163 13
5216 13
5300 13
5351 13
5451 14
5454 14
5458 14
5460 14
5476 14
5477 14
5483 14
5495 14
5520 14
5521 14
5522 14
5524 14
5527 14
5532 14
5537 14
5543 14
5561 14
5567 14
5569 14
5584 14
5585 14
5588 14
5600 14
5602 14
5613 14
5625 14
5629 14
5642 14
5683 14
5686 14
5699 14
5714 14
5715 14
5720 14
5723 14
5726 14
5735 14
5736 14
5738 14
5740 14
5778 14
5779 14
5781 14
5782 14
5783 14
5793 14
5794 14
5795 14
5796 14
5798 14
5823 14
5928 15
6409 16
6455 16
6525 16
6528 16
6579 16
6592 16
6593 16
6845 17
7025 18
7303 19
7329 19
3***
1168 3
1418 3
1424 3
1439 3
1573 4
1596 4
1685 4
1709 4
1714 4
2445 6
2476 6
2484 6
2499 6
2584 6
2628 6
2707 7
2995 7
3458 9
3460 9
3461 9
3462 9
3463 9
3464 9
3465 9
3469 9
3470 9
3472 9
3473 9
3474 9
3476 9
3477 9
3479 9
3480 9
3481 9
3482 9
3484 9
3485 9
3487 9
3488 9
3489 9
3490 9
3491 9
3492 9
3493 9
3497 9
3499 9
3500 9
3501 9
3503 9
3504 9
3505 9
3506 9
3507 9
3508 9
3509 9
3510 9
3511 9
3513 9
3514 9
3515 9
3516 9
3517 9
3518 9
3520 9
3521 9
3522 9
3523 9
3525 9
3526 9
3528 9
3529 9
3530 9
3531 9
3532 9
3533 9
3534 9
3535 9
3536 9
3537 9
3541 9
3542 9
3543 9
3544 9
3545 9
3547 9
3548 9
3549 9
3550 9
3551 9
3552 9
3553 9
3554 9
3555 9
3557 9
3558 9
3561 9
3562 9
3563 9
3566 9
3567 9
3568 9
3569 9
3571 9
3572 9
3573 9
3575 9
3576 9
3579 9
3580 9
3581 9
3582 9
3583 9
3585 9
3586 9
3587 9
3590 9
3591 9
3593 9
3594 9
3595 9
3596 9
3597 9
3599 9
3600 9
3602 9
3604 9
3605 9
3606 9
3607 9
3608 9
3609 9
3610 9
3611 9
3612 9
3616 9
3617 9
3618 9
3619 9
3620 9
3622 9
3624 9
3625 9
3626 9
3627 9
3628 9
3629 9
3630 9
3631 9
3632 9
3633 9
3634 9
3636 9
3637 9
3638 9
3639 9
3640 9
3641 9
3642 9
3643 9
3644 9
3645 9
3647 9
3648 9
3649 9
3651 9
3652 9
3653 9
3655 9
3656 9
3657 9
3659 9
3660 9
3661 9
3662 9
3663 9
3665 9
3668 9
3669 9
3671 9
3672 9
3673 9
3674 9
3675 9
3676 9
3677 9
3680 9
3681 9
3682 9
3683 9
3685 9
3688 9
3689 9
3690 9
3691 9
3692 9
3693 9
3694 9
3695 9
3697 9
3698 9
3699 9
3702 9
3703 9
3704 9
3707 9
3708 9
3709 9
3710 9
3711 9
3712 9
3713 9
3714 9
3715 9
3716 9
3717 9
3718 9
3719 9
3720 9
3721 9
3722 9
3723 9
3724 9
3725 9
3726 9
3727 9
3728 9
3729 9
3730 9
3732 9
3733 9
3734 9
3735 9
3736 9
3737 9
3738 9
3740 9
3741 9
3743 9
3744 9
3746 9
3747 9
3748 9
3749 9
3750 9
3752 9
3753 9
3754 9
3756 9
3758 9
3759 9
3760 9
3761 9
3762 9
3763 9
3764 9
3766 9
3767 9
3768 9
3769 9
3770 9
3771 9
3773 9
3774 9
3775 9
3778 9
3779 9
3781 9
3786 9
3788 9
3789 9
3791 9
3792 9
3793 9
3794 9
3795 9
3796 9
3797 9
3799 9
3801 9
3802 9
3803 9
3804 9
3807 9
3808 9
3809 9
3810 9
3811 9
3812 9
3815 9
3816 9
3817 9
3819 9
3822 9
3823 9
3824 9
3825 9
3826 9
3827 9
3829 9
3830 9
3833 9
3834 9
3835 9
3836 9
3837 9
3840 9
3841 9
3843 9
3844 9
3845 9
3846 9
3847 9
3850 9
3851 9
3853 9
3854 9
3855 10
3856 10
3857 10
3858 10
3859 10
3860 10
3861 10
3862 10
3863 10
3864 10
3865 10
3866 10
3867 10
3869 10
3870 10
3871 10
3872 10
3873 10
3874 10
3875 10
3876 10
3877 10
3878 10
3881 10
3882 10
3883 10
3884 10
3885 10
3887 10
3889 10
3890 10
3891 10
3892 10
3893 10
3894 10
3895 10
3896 10
3897 10
3898 10
3899 10
3900 10
3901 10
3902 10
3903 10
3904 10
3905 10
3906 10
3907 10
3908 10
3909 10
3910 10
3912 10
3913 10
3914 10
3915 10
3916 10
3917 10
3918 10
3919 10
3920 10
3921 10
3922 10
3923 10
3924 10
3925 10
3926 10
3927 10
3928 10
3929 10
3930 10
3931 10
3932 10
3934 10
3935 10
3936 10
3937 10
3938 10
3939 10
3940 10
3941 10
3942 10
3943 10
3944 10
3946 10
3947 10
3948 10
3949 10
3950 10
3951 10
3953 10
3955 10
3956 10
3957 10
3958 10
3959 10
3960 10
3961 10
3962 10
3963 10
3964 10
3965 10
3966 10
3967 10
3968 10
3969 10
3970 10
3971 10
3972 10
3974 10
3975 10
3977 10
3979 10
3980 10
3981 10
3982 10
3983 10
3985 10
3986 10
3987 10
3988 10
3989 10
3990 10
3992 10
3994 10
3995 10
3996 10
3997 10
3998 10
3999 10
4000 10
4001 10
4002 10
4003 10
4004 10
4005 10
4006 10
4007 10
4008 10
4009 10
4010 10
4011 10
4012 10
4013 10
4014 10
4015 10
4016 10
4017 10
4018 10
4019 10
4020 10
4022 10
4023 10
4025 10
4026 10
4028 10
4029 10
4030 10
4031 10
4032 10
4033 10
4034 10
4035 10
4036 10
4037 10
4038 10
4039 10
4040 10
4041 10
4042 10
4043 10
4044 10
4045 10
4046 10
4049 10
4050 10
4051 10
4052 10
4053 10
4054 10
4055 10
4056 10
4057 10
4058 10
4059 10
4060 10
4061 10
4062 10
4063 10
4065 10
4066 10
4067 10
4068 10
4069 10
4070 10
4071 10
4072 10
4073 10
4074 10
4075 10
4076 10
4077 10
4078 10
4079 10
4080 10
4081 10
4082 10
4083 10
4084 10
4085 10
4086 10
4087 10
4088 10
4089 10
4090 10
4091 10
4092 10
4093 10
4094 10
4095 10
4096 10
4097 10
4099 10
4100 10
4101 10
4102 10
4103 10
4104 10
4105 10
4106 10
4107 10
4108 10
4109 10
4110 10
4111 10
4112 10
4114 10
4115 10
4116 10
4117 10
4118 10
4119 10
4120 10
4121 10
4122 10
4123 10
4124 10
4126 10
4127 10
4128 10
4130 10
4131 10
4132 10
4133 10
4135 10
4137 10
4138 10
4139 10
4140 10
4141 10
4142 10
4144 10
4145 10
4146 10
4147 10
4148 10
4149 10
4151 10
4152 10
4153 10
4155 10
4156 10
4157 10
4158 10
4159 10
4160 10
4161 10
4162 10
4163 10
4164 10
4165 10
4166 10
4167 10
4168 10
4169 10
4170 10
4171 10
4172 10
4173 10
4174 10
4175 10
4176 10
4177 10
4178 10
4181 10
4182 10
4183 10
4184 10
4186 10
4187 10
4188 10
4189 10
4190 10
4192 10
4193 10
4194 10
4195 10
4196 10
4197 10
4198 10
4199 10
4200 10
4201 10
4202 10
4203 10
4204 10
4205 10
4206 10
4207 10
4208 10
4210 10
4211 10
4212 10
4213 10
4214 10
4216 10
4217 10
4218 10
4219 10
4220 10
4221 10
4222 10
4223 10
4224 10
4225 10
4226 10
4228 10
4229 10
4230 10
4231 10
4232 10
4233 10
4234 10
4235 10
4236 10
4237 10
4238 10
4239 10
4240 10
4241 10
4243 10
4244 10
4245 10
4246 10
4247 10
4248 10
4249 10
4250 10
4251 10
4252 10
4253 10
4772 12
4783 12
4836 12
5282 13
5473 14
5482 14
5755 14
5825 14
6501 16
7456 19
4***
44 0
127 0
247 0
332 1
334 1
352 1
358 1
522 1
640 1
650 1
654 1
679 1
718 2
776 2
812 2
822 2
967 2
997 2
1036 2
1064 2
1082 2
1086 2
1092 2
1134 3
1164 3
1191 3
1254 3
1259 3
1307 3
1354 3
1615 4
1654 4
1655 4
1656 4
1741 4
1792 4
1805 4
1807 4
1874 4
1885 5
2091 5
2117 5
2141 5
2181 5
2209 5
2234 5
2449 6
2506 6
2542 6
2604 6
2695 7
2737 7
2741 7
2795 7
2805 7
2836 7
2839 7
2927 7
3004 7
3060 8
3065 8
3069 8
3076 8
3078 8
3094 8
3095 8
3096 8
3102 8
3112 8
3113 8
3118 8
3121 8
3124 8
3126 8
3128 8
3129 8
3130 8
3135 8
3136 8
3138 8
3139 8
3143 8
3145 8
3146 8
3147 8
3149 8
3160 8
3161 8
3162 8
3164 8
3167 8
3168 8
3169 8
3170 8
3173 8
3180 8
3181 8
3184 8
3185 8
3186 8
3190 8
3191 8
3192 8
3193 8
3197 8
3203 8
3205 8
3209 8
3210 8
3215 8
3226 8
3229 8
3230 8
3232 8
3233 8
3235 8
3242 8
3246 8
3247 8
3248 8
3249 8
3251 8
3253 8
3254 8
3272 8
3275 8
3277 8
3279 8
3282 8
3283 8
3284 8
3285 8
3286 8
3289 8
3290 8
3291 8
3292 8
3294 8
3305 8
3306 8
3309 8
3312 8
3313 8
3328 8
3338 8
3340 8
3341 8
3342 8
3344 8
3347 8
3353 8
3355 8
3358 8
3359 8
3360 8
3375 8
3378 8
3381 8
3387 8
3389 8
3391 8
3395 8
3396 8
3400 8
3401 8
3402 8
3403 8
3404 8
3413 8
3418 8
3420 8
3426 8
3427 8
3428 8
3432 8
3437 8
3438 8
3440 8
3441 8
3442 8
3445 8
3446 8
3456 8
3466 9
3483 9
3623 9
3666 9
3731 9
3784 9
4150 10
4265 11
4280 11
4410 11
4445 11
4539 11
4571 11
4678 12
4731 12
4733 12
4734 12
4735 12
4837 12
4912 12
4931 12
4940 12
4944 12
5012 12
5037 12
5041 12
5097 13
5103 13
5111 13
5114 13
5117 13
5195 13
5229 13
5284 13
5302 13
5348 13
5362 13
5363 13
5414 13
5415 13
5424 13
5444 14
5702 14
5703 14
5704 14
5706 14
5750 14
5857 15
6326 16
6422 16
6461 16
6490 16
6517 16
6521 16
6545 16
6552 16
6561 16
6587 16
6726 17
6960 17
6986 18
7081 18
7176 18
5***
294 0
429 1
434 1
456 1
457 1
464 1
484 1
504 1
527 1
528 1
557 1
672 1
683 1
690 1
889 2
1073 2
1074 2
1090 2
1104 3
1117 3
1126 3
1146 3
1152 3
1157 3
1190 3
1202 3
1229 3
1241 3
1306 3
1313 3
1338 3
1391 3
1436 3
1437 3
1479 3
1483 3
1506 4
1523 4
1562 4
1600 4
1605 4
1644 4
1645 4
1682 4
1683 4
1689 4
1711 4
1712 4
1722 4
1761 4
1791 4
1818 4
1819 4
1834 4
1883 5
1909 5
1924 5
1933 5
1938 5
1997 5
2002 5
2051 5
2061 5
2066 5
2145 5
2159 5
2195 5
2207 5
2236 5
2253 5
2255 5
2270 5
2272 5
2316 6
2459 6
2468 6
2470 6
2487 6
2503 6
2667 7
2714 7
2727 7
2780 7
2809 7
2815 7
2820 7
2825 7
2833 7
2916 7
2959 7
2962 7
2986 7
3010 7
3041 7
3056 7
3109 8
3268 8
3318 8
3320 8
3325 8
3326 8
3365 8
3379 8
3398 8
3405 8
3478 9
3519 9
3598 9
3646 9
3886 10
3933 10
4048 10
4098 10
4113 10
4191 10
4209 10
4365 11
4505 11
4514 11
4533 11
4652 12
4672 12
4683 12
4705 12
4719 12
4720 12
4770 12
4801 12
4807 12
4857 12
4882 12
4910 12
4937 12
4938 12
4950 12
4961 12
4968 12
4978 12
4991 12
4993 12
5013 12
5022 12
5023 12
5026 12
5033 12
5034 12
5064 13
5069 13
5070 13
5076 13
5084 13
5098 13
5105 13
5107 13
5108 13
5118 13
5132 13
5149 13
5171 13
5186 13
5200 13
5206 13
5208 13
5217 13
5221 13
5224 13
5228 13
5232 13
5240 13
5243 13
5266 13
5314 13
5440 14
5446 14
5487 14
5490 14
5507 14
5518 14
5525 14
5544 14
5553 14
5556 14
5562 14
5568 14
5570 14
5572 14
5575 14
5580 14
5582 14
5592 14
5593 14
5598 14
5615 14
5619 14
5630 14
5631 14
5638 14
5643 14
5661 14
5709 14
5730 14
5742 14
5751 14
5754 14
5758 14
5904 15
6197 15
6272 16
6346 16
6467 16
6534 16
6557 16
6972 18
7013 18
7016 18
7065 18
7066 18
7086 18
7120 18
7121 18
7124 18
7178 18
7189 18
7206 18
7212 18
7237 18
7263 18
7279 18
7311 19
7348 19
7368 19
7376 19
7377 19
7493 19
7499 19
6***
218 0
221 0
226 0
469 1
508 1
514 1
1014 2
1136 3
1269 3
1406 3
1504 4
1509 4
1533 4
1556 4
1625 4
1633 4
1659 4
1688 4
1717 4
1878 4
2020 5
2285 6
2460 6
2544 6
2562 6
2615 6
2620 6
2812 7
2855 7
2920 7
3068 8
3419 8
3450 8
3495 9
3496 9
3502 9
3828 9
4336 11
4407 11
4474 11
4569 11
4595 11
4666 12
4680 12
4681 12
4686 12
4694 12
4710 12
4711 12
4716 12
4718 12
4726 12
4736 12
4737 12
4740 12
4742 12
4746 12
4747 12
4756 12
4761 12
4767 12
4771 12
4779 12
4780 12
4787 12
4809 12
4813 12
4815 12
4841 12
4850 12
4863 12
4870 12
4875 12
4883 12
4921 12
4926 12
4939 12
4949 12
4952 12
4964 12
4969 12
4970 12
5029 12
5032 12
5035 12
5042 12
5045 13
5066 13
5074 13
5087 13
5093 13
5096 13
5130 13
5131 13
5140 13
5144 13
5162 13
5165 13
5169 13
5175 13
5176 13
5212 13
5215 13
5239 13
5261 13
5277 13
5290 13
5293 13
5294 13
5316 13
5318 13
5323 13
5330 13
5336 13
5337 13
5338 13
5377 13
5382 13
5385 13
5386 13
5389 13
5395 13
5411 13
5425 13
5429 13
5430 13
5871 15
5927 15
5968 15
6035 15
6062 15
6083 15
6086 15
6160 15
6183 15
6195 15
6205 15
6530 16
6576 16
6973 18
6976 18
6977 18
6978 18
6980 18
6981 18
6982 18
6983 18
6988 18
6989 18
6990 18
6992 18
6994 18
6995 18
6998 18
7001 18
7002 18
7003 18
7010 18
7011 18
7014 18
7021 18
7022 18
7024 18
7027 18
7031 18
7041 18
7044 18
7050 18
7055 18
7056 18
7057 18
7058 18
7060 18
7063 18
7074 18
7078 18
7079 18
7080 18
7082 18
7085 18
7100 18
7105 18
7125 18
7127 18
7128 18
7129 18
7131 18
7137 18
7140 18
7141 18
7142 18
7143 18
7144 18
7145 18
7148 18
7149 18
7150 18
7151 18
7153 18
7154 18
7155 18
7156 18
7158 18
7159 18
7164 18
7168 18
7169 18
7181 18
7182 18
7184 18
7197 18
7198 18
7201 18
7222 18
7232 18
7233 18
7234 18
7238 18
7241 18
7242 18
7246 18
7270 18
7271 18
7272 18
7273 18
7274 18
7275 18
7276 18
7277 18
7278 18
7***
328 1
419 1
454 1
489 1
497 1
546 1
569 1
704 1
1077 2
1283 3
1286 3
1432 3
1928 5
2015 5
2231 5
2296 6
2513 6
2559 6
2691 7
2700 7
2733 7
2804 7
2863 7
2876 7
2878 7
2890 7
2891 7
2969 7
3063 8
3171 8
3221 8
3255 8
3380 8
3434 8
3539 9
3540 9
3556 9
3577 9
3589 9
3678 9
3777 9
4263 11
4670 12
4675 12
4763 12
4823 12
4845 12
4858 12
4909 12
4988 12
5043 13
5044 13
5046 13
5047 13
5048 13
5049 13
5050 13
5052 13
5054 13
5055 13
5056 13
5059 13
5060 13
5062 13
5065 13
5068 13
5072 13
5073 13
5075 13
5077 13
5079 13
5081 13
5082 13
5085 13
5086 13
5088 13
5089 13
5090 13
5091 13
5092 13
5095 13
5099 13
5100 13
5101 13
5104 13
5106 13
5109 13
5115 13
5116 13
5120 13
5121 13
5123 13
5124 13
5125 13
5126 13
5127 13
5128 13
5133 13
5134 13
5135 13
5137 13
5138 13
5139 13
5141 13
5142 13
5143 13
5146 13
5151 13
5152 13
5153 13
5154 13
5155 13
5157 13
5158 13
5159 13
5160 13
5164 13
5167 13
5168 13
5170 13
5172 13
5173 13
5174 13
5177 13
5178 13
5181 13
5182 13
5183 13
5184 13
5185 13
5187 13
5188 13
5189 13
5190 13
5192 13
5194 13
5196 13
5197 13
5198 13
5199 13
5204 13
5205 13
5207 13
5209 13
5210 13
5211 13
5213 13
5214 13
5219 13
5222 13
5223 13
5231 13
5233 13
5234 13
5235 13
5236 13
5237 13
5238 13
5241 13
5244 13
5245 13
5246 13
5247 13
5248 13
5249 13
5250 13
5251 13
5252 13
5255 13
5257 13
5259 13
5260 13
5262 13
5264 13
5265 13
5268 13
5270 13
5271 13
5272 13
5273 13
5274 13
5275 13
5276 13
5278 13
5281 13
5283 13
5285 13
5288 13
5289 13
5291 13
5292 13
5295 13
5296 13
5298 13
5299 13
5304 13
5305 13
5308 13
5309 13
5310 13
5311 13
5312 13
5313 13
5317 13
5320 13
5321 13
5322 13
5324 13
5325 13
5326 13
5327 13
5328 13
5329 13
5335 13
5340 13
5342 13
5343 13
5345 13
5347 13
5349 13
5352 13
5353 13
5354 13
5356 13
5357 13
5358 13
5359 13
5360 13
5361 13
5364 13
5365 13
5366 13
5368 13
5369 13
5370 13
5371 13
5372 13
5373 13
5375 13
5376 13
5379 13
5380 13
5381 13
5383 13
5384 13
5387 13
5390 13
5391 13
5393 13
5394 13
5398 13
5400 13
5401 13
5402 13
5403 13
5404 13
5406 13
5407 13
5408 13
5410 13
5412 13
5416 13
5417 13
5418 13
5419 13
5420 13
5421 13
5422 13
5423 13
5427 13
5428 13
5431 13
5433 13
5434 13
5435 13
5436 13
5437 13
5449 14
5608 14
5609 14
6375 16
6639 17
6892 17
7019 18
7030 18
7034 18
7049 18
7067 18
7089 18
7099 18
7110 18
7134 18
7138 18
7139 18
7167 18
7172 18
7174 18
7177 18
7180 18
7195 18
7196 18
7199 18
7205 18
7207 18
7217 18
7248 18
7462 19
8***
1337 3
1490 3
1585 4
2297 6
2304 6
2471 6
2481 6
2511 6
2571 6
2623 6
2626 6
2658 6
2670 7
2671 7
2674 7
2675 7
2676 7
2682 7
2688 7
2689 7
2693 7
2696 7
2702 7
2704 7
2706 7
2708 7
2712 7
2716 7
2718 7
2719 7
2720 7
2722 7
2724 7
2725 7
2726 7
2728 7
2731 7
2735 7
2740 7
2743 7
2744 7
2748 7
2750 7
2751 7
2754 7
2755 7
2757 7
2758 7
2759 7
2761 7
2763 7
2765 7
2766 7
2768 7
2771 7
2774 7
2775 7
2776 7
2778 7
2781 7
2782 7
2783 7
2784 7
2785 7
2786 7
2787 7
2792 7
2793 7
2794 7
2796 7
2797 7
2798 7
2799 7
2801 7
2808 7
2817 7
2818 7
2819 7
2823 7
2824 7
2826 7
2827 7
2829 7
2830 7
2832 7
2834 7
2837 7
2838 7
2840 7
2843 7
2848 7
2849 7
2852 7
2853 7
2854 7
2856 7
2857 7
2858 7
2860 7
2861 7
2868 7
2871 7
2872 7
2875 7
2879 7
2881 7
2883 7
2884 7
2886 7
2887 7
2889 7
2892 7
2893 7
2895 7
2897 7
2898 7
2900 7
2901 7
2902 7
2904 7
2905 7
2906 7
2907 7
2908 7
2909 7
2911 7
2913 7
2915 7
2919 7
2921 7
2922 7
2923 7
2924 7
2925 7
2928 7
2929 7
2930 7
2931 7
2933 7
2934 7
2935 7
2936 7
2942 7
2943 7
2944 7
2945 7
2947 7
2948 7
2949 7
2952 7
2954 7
2955 7
2956 7
2957 7
2958 7
2960 7
2961 7
2963 7
2965 7
2967 7
2968 7
2971 7
2972 7
2977 7
2978 7
2979 7
2987 7
2989 7
2990 7
2991 7
2992 7
2994 7
2996 7
2997 7
2999 7
3000 7
3002 7
3003 7
3006 7
3007 7
3008 7
3009 7
3011 7
3014 7
3018 7
3019 7
3021 7
3026 7
3028 7
3030 7
3036 7
3038 7
3040 7
3044 7
3046 7
3049 7
3050 7
3054 7
3055 7
3057 7
3058 7
3059 7
3061 8
3062 8
3064 8
3067 8
3070 8
3072 8
3073 8
3074 8
3075 8
3077 8
3079 8
3080 8
3081 8
3082 8
3083 8
3084 8
3085 8
3086 8
3087 8
3088 8
3089 8
3090 8
3091 8
3092 8
3093 8
3097 8
3098 8
3099 8
3100 8
3101 8
3103 8
3104 8
3105 8
3106 8
3107 8
3108 8
3110 8
3111 8
3114 8
3115 8
3117 8
3119 8
3120 8
3122 8
3123 8
3125 8
3127 8
3133 8
3134 8
3140 8
3142 8
3144 8
3148 8
3150 8
3151 8
3152 8
3153 8
3154 8
3155 8
3157 8
3158 8
3159 8
3165 8
3166 8
3172 8
3174 8
3175 8
3176 8
3177 8
3178 8
3179 8
3182 8
3183 8
3187 8
3188 8
3189 8
3194 8
3196 8
3198 8
3199 8
3200 8
3204 8
3208 8
3211 8
3212 8
3213 8
3214 8
3216 8
3217 8
3218 8
3219 8
3220 8
3222 8
3223 8
3224 8
3225 8
3227 8
3231 8
3234 8
3236 8
3237 8
3238 8
3239 8
3240 8
3241 8
3243 8
3244 8
3245 8
3250 8
3252 8
3256 8
3257 8
3258 8
3259 8
3260 8
3261 8
3262 8
3263 8
3264 8
3265 8
3266 8
3269 8
3270 8
3271 8
3273 8
3274 8
3276 8
3278 8
3280 8
3281 8
3287 8
3288 8
3293 8
3296 8
3297 8
3298 8
3299 8
3300 8
3301 8
3302 8
3303 8
3307 8
3308 8
3311 8
3314 8
3315 8
3316 8
3317 8
3319 8
3321 8
3322 8
3323 8
3324 8
3327 8
3330 8
3331 8
3332 8
3333 8
3334 8
3335 8
3336 8
3339 8
3343 8
3345 8
3346 8
3348 8
3350 8
3352 8
3354 8
3357 8
3361 8
3363 8
3364 8
3366 8
3367 8
3368 8
3370 8
3371 8
3372 8
3373 8
3374 8
3376 8
3377 8
3384 8
3385 8
3388 8
3390 8
3392 8
3394 8
3397 8
3406 8
3407 8
3408 8
3409 8
3410 8
3411 8
3412 8
3414 8
3415 8
3417 8
3422 8
3423 8
3424 8
3425 8
3429 8
3430 8
3431 8
3435 8
3436 8
3439 8
3443 8
3447 8
3448 8
3449 8
3451 8
3454 8
3457 8
4661 12
4695 12
4706 12
4707 12
4712 12
4794 12
4808 12
4849 12
4874 12
4929 12
4941 12
4994 12
5031 12
5113 13
5344 13
7441 19
7486 19
9***
170 0
220 0
244 0
253 0
295 0
342 1
383 1
390 1
401 1
427 1
458 1
519 1
523 1
531 1
539 1
555 1
582 1
587 1
603 1
614 1
631 1
639 1
647 1
663 1
664 1
684 1
686 1
713 2
738 2
741 2
743 2
775 2
832 2
833 2
858 2
868 2
973 2
986 2
993 2
1033 2
1043 2
1044 2
1062 2
1066 2
1170 3
1225 3
1250 3
1301 3
1302 3
1330 3
1336 3
1377 3
1410 3
1445 3
1508 4
1510 4
1531 4
1535 4
1544 4
1546 4
1548 4
1582 4
1608 4
1626 4
1696 4
1704 4
1739 4
1768 4
1781 4
1804 4
1846 4
1881 5
1889 5
1899 5
1920 5
1923 5
1925 5
1937 5
1947 5
1949 5
1952 5
1960 5
1977 5
2031 5
2035 5
2046 5
2062 5
2073 5
2074 5
2079 5
2082 5
2114 5
2151 5
2154 5
2191 5
2193 5
2197 5
2200 5
2210 5
2242 5
2250 5
2260 5
2453 6
2514 6
2547 6
2555 6
2573 6
2581 6
2649 6
2653 6
2656 6
2697 7
2698 7
2721 7
2814 7
2864 7
2865 7
2866 7
2877 7
2880 7
2888 7
2910 7
2914 7
2970 7
2982 7
2984 7
3022 7
3039 7
3071 8
3201 8
3206 8
3349 8
3452 8
3467 9
3468 9
3560 9
3564 9
3664 9
3670 9
3687 9
3751 9
3772 9
3785 9
3800 9
3813 9
3814 9
3818 9
3832 9
3868 10
3879 10
3945 10
3954 10
4024 10
4064 10
4129 10
4227 10
4327 11
4432 11
4624 11
4688 12
4693 12
4713 12
4721 12
4724 12
4725 12
4759 12
4781 12
4788 12
4819 12
4828 12
4885 12
4963 12
4972 12
4974 12
4975 12
4976 12
4977 12
4983 12
4986 12
5001 12
5008 12
5015 12
5027 12
5036 12
5057 13
5071 13
5078 13
5148 13
5150 13
5220 13
5225 13
5226 13
5227 13
5242 13
5286 13
5287 13
5332 13
5378 13
5399 13
5413 13
5464 14
5511 14
5534 14
5542 14
5549 14
5554 14
5576 14
5581 14
5590 14
5599 14
5675 14
5691 14
5748 14
5757 14
5822 14
5874 15
5899 15
5994 15
6010 15
6100 15
6202 15
6218 15
6286 16
6369 16
6374 16
6437 16
6627 17
6631 17
6632 17
6634 17
6704 17
6742 17
6782 17
6788 17
6826 17
6883 17
6887 17
6888 17
6945 17
6962 17
6969 17
7026 18
7042 18
7203 18
7204 18
7230 18
7235 18
7256 18
7261 18
7310 19
7360 19
7367 19
7389 19
7430 19
7443 19
7446 19
7447 19
7451 19
7482 19
10***
126 0
197 0
260 0
485 1
501 1
605 1
668 1
947 2
971 2
1394 3
1405 3
1487 3
1529 4
1558 4
1559 4
1578 4
1580 4
1599 4
1609 4
1623 4
1627 4
1672 4
1816 4
1859 4
2311 6
2410 6
2414 6
2451 6
2452 6
2455 6
2520 6
2521 6
2564 6
2608 6
2629 6
2643 6
2645 6
2646 6
2654 6
2668 7
2680 7
2690 7
2752 7
2756 7
2770 7
2791 7
2802 7
2807 7
2828 7
2841 7
2874 7
2885 7
2917 7
2938 7
2983 7
2993 7
3337 8
3399 8
3421 8
3613 9
3667 9
4021 10
4027 10
4264 11
4342 11
4364 11
4384 11
4390 11
4510 11
4580 11
4592 11
4778 12
4896 12
4923 12
4985 12
4999 12
5000 12
5110 13
5230 13
5280 13
5341 13
5405 13
5432 13
5438 13
5540 14
5744 14
6097 15
6231 16
6232 16
6233 16
6235 16
6236 16
6237 16
6238 16
6239 16
6242 16
6243 16
6244 16
6245 16
6246 16
6247 16
6248 16
6251 16
6252 16
6253 16
6254 16
6255 16
6256 16
6257 16
6258 16
6259 16
6261 16
6262 16
6263 16
6264 16
6266 16
6267 16
6269 16
6271 16
6273 16
6274 16
6275 16
6277 16
6278 16
6280 16
6281 16
6282 16
6284 16
6287 16
6288 16
6290 16
6292 16
6294 16
6296 16
6297 16
6298 16
6299 16
6300 16
6301 16
6302 16
6303 16
6304 16
6305 16
6307 16
6308 16
6310 16
6312 16
6313 16
6315 16
6319 16
6320 16
6321 16
6322 16
6323 16
6324 16
6325 16
6327 16
6329 16
6330 16
6331 16
6332 16
6337 16
6338 16
6339 16
6340 16
6342 16
6343 16
6344 16
6345 16
6347 16
6348 16
6349 16
6350 16
6351 16
6352 16
6353 16
6354 16
6356 16
6357 16
6358 16
6359 16
6360 16
6361 16
6362 16
6363 16
6364 16
6365 16
6366 16
6367 16
6368 16
6370 16
6371 16
6372 16
6373 16
6376 16
6377 16
6378 16
6379 16
6380 16
6381 16
6382 16
6384 16
6386 16
6387 16
6388 16
6389 16
6390 16
6391 16
6392 16
6393 16
6394 16
6396 16
6397 16
6398 16
6399 16
6400 16
6402 16
6403 16
6404 16
6405 16
6407 16
6408 16
6410 16
6411 16
6413 16
6414 16
6418 16
6424 16
6425 16
6426 16
6427 16
6428 16
6430 16
6431 16
6433 16
6434 16
6436 16
6438 16
6439 16
6441 16
6442 16
6443 16
6444 16
6445 16
6446 16
6447 16
6448 16
6449 16
6450 16
6451 16
6454 16
6456 16
6457 16
6458 16
6459 16
6460 16
6462 16
6464 16
6465 16
6466 16
6468 16
6469 16
6470 16
6471 16
6472 16
6474 16
6475 16
6476 16
6477 16
6479 16
6480 16
6483 16
6484 16
6485 16
6486 16
6487 16
6488 16
6489 16
6492 16
6493 16
6495 16
6498 16
6499 16
6500 16
6502 16
6503 16
6507 16
6508 16
6509 16
6510 16
6511 16
6512 16
6513 16
6514 16
6515 16
6516 16
6518 16
6519 16
6520 16
6523 16
6524 16
6526 16
6529 16
6531 16
6532 16
6533 16
6535 16
6536 16
6537 16
6538 16
6539 16
6540 16
6541 16
6542 16
6543 16
6544 16
6546 16
6547 16
6548 16
6549 16
6550 16
6551 16
6553 16
6554 16
6555 16
6556 16
6558 16
6560 16
6562 16
6563 16
6564 16
6565 16
6567 16
6569 16
6570 16
6572 16
6573 16
6574 16
6577 16
6578 16
6581 16
6582 16
6583 16
6588 16
6591 16
6766 17
6901 17
6971 18
6979 18
6984 18
6987 18
6991 18
6993 18
6999 18
7004 18
7005 18
7006 18
7007 18
7009 18
7017 18
7018 18
7020 18
7023 18
7028 18
7032 18
7038 18
7040 18
7045 18
7046 18
7047 18
7048 18
7051 18
7052 18
7054 18
7061 18
7062 18
7064 18
7068 18
7069 18
7070 18
7071 18
7075 18
7077 18
7083 18
7088 18
7090 18
7091 18
7092 18
7093 18
7094 18
7095 18
7096 18
7098 18
7101 18
7102 18
7103 18
7104 18
7106 18
7107 18
7108 18
7111 18
7112 18
7113 18
7115 18
7118 18
7132 18
7133 18
7135 18
7136 18
7147 18
7157 18
7160 18
7161 18
7163 18
7165 18
7166 18
7170 18
7175 18
7179 18
7183 18
7186 18
7188 18
7193 18
7194 18
7202 18
7210 18
7211 18
7215 18
7216 18
7218 18
7219 18
7221 18
7224 18
7227 18
7228 18
7229 18
7231 18
7243 18
7244 18
7247 18
7249 18
7250 18
7253 18
7254 18
7255 18
7257 18
7260 18
7262 18
7264 18
7265 18
7266 18
7267 18
7268 18
7269 18
7280 18
7292 19
7293 19
7306 19
7307 19
7309 19
7312 19
7313 19
7316 19
7324 19
7326 19
7336 19
7337 19
7339 19
7341 19
7350 19
7359 19
7365 19
7408 19
7412 19
7414 19
7426 19
7427 19
7433 19
7437 19
7452 19
7454 19
7460 19
7464 19
7468 19
7469 19
7471 19
7473 19
7491 19
7494 19
7497 19
7500 19
7514 19
7516 19
7521 19
7525 19
7528 19
11***
13 0
16 0
17 0
21 0
42 0
57 0
58 0
59 0
153 0
171 0
173 0
183 0
210 0
229 0
273 0
288 0
331 1
336 1
340 1
344 1
347 1
366 1
385 1
386 1
387 1
395 1
396 1
480 1
488 1
491 1
517 1
524 1
579 1
580 1
590 1
595 1
628 1
666 1
728 2
774 2
809 2
811 2
823 2
836 2
845 2
896 2
932 2
939 2
991 2
1042 2
1056 2
1138 3
1189 3
1234 3
1248 3
1249 3
1271 3
1575 4
1579 4
1581 4
1594 4
1617 4
1621 4
1670 4
1690 4
1715 4
1718 4
1724 4
1771 4
1773 4
1778 4
1798 4
1802 4
1803 4
1809 4
1815 4
1836 4
1841 4
1842 4
1875 4
2184 5
2223 5
2664 7
2672 7
2678 7
2679 7
2683 7
2684 7
2709 7
2710 7
2715 7
2717 7
2738 7
2742 7
2745 7
2746 7
2747 7
2753 7
2760 7
2762 7
2772 7
2790 7
2844 7
2845 7
2851 7
2862 7
2894 7
2899 7
2940 7
2964 7
2973 7
3013 7
3020 7
3033 7
3043 7
3048 7
3052 7
3141 8
3156 8
3310 8
3356 8
3386 8
3459 9
3475 9
3524 9
3565 9
3574 9
3601 9
3614 9
3621 9
3650 9
3679 9
3686 9
3696 9
3820 9
3838 9
3849 9
3984 10
4294 11
4296 11
4368 11
4434 11
4562 11
4790 12
4791 12
4811 12
4908 12
4945 12
4947 12
4948 12
4995 12
4998 12
5011 12
5020 12
5058 13
5136 13
5203 13
5315 13
5455 14
5466 14
5467 14
5472 14
5481 14
5484 14
5506 14
5523 14
5533 14
5547 14
5548 14
5578 14
5589 14
5626 14
5650 14
5651 14
5654 14
5657 14
5658 14
5666 14
5669 14
5673 14
5688 14
5712 14
5719 14
5732 14
5734 14
5763 14
5770 14
5816 14
5819 14
5909 15
5945 15
6076 15
6077 15
6087 15
6240 16
6260 16
6265 16
6268 16
6270 16
6276 16
6279 16
6328 16
6355 16
6452 16
6453 16
6478 16
6481 16
6505 16
6506 16
6559 16
6580 16
6586 16
6589 16
6594 16
6601 17
6623 17
6633 17
6714 17
6734 17
6748 17
6812 17
6813 17
6821 17
6857 17
6879 17
6996 18
6997 18
7008 18
7029 18
7033 18
7037 18
7039 18
7072 18
7087 18
7114 18
7117 18
7191 18
7209 18
7315 19
7363 19
7394 19
7431 19
7432 19
7522 19
12***
63 0
296 0
356 1
359 1
370 1
384 1
417 1
470 1
472 1
509 1
542 1
565 1
581 1
586 1
598 1
601 1
608 1
612 1
621 1
627 1
685 1
688 1
825 2
838 2
929 2
930 2
944 2
956 2
1111 3
1333 3
1360 3
1419 3
1484 3
1491 3
1520 4
1593 4
1679 4
1710 4
1730 4
1826 4
1857 4
1890 5
1964 5
2052 5
2070 5
2084 5
2088 5
2111 5
2188 5
2214 5
2269 5
2303 6
2417 6
2613 6
2635 6
2846 7
2975 7
2976 7
3202 8
3267 8
3453 8
3684 9
3700 9
3765 9
4254 11
4255 11
4256 11
4257 11
4258 11
4259 11
4260 11
4261 11
4262 11
4267 11
4268 11
4269 11
4270 11
4271 11
4272 11
4273 11
4274 11
4275 11
4276 11
4277 11
4278 11
4281 11
4282 11
4283 11
4284 11
4285 11
4286 11
4287 11
4288 11
4289 11
4290 11
4291 11
4292 11
4293 11
4295 11
4297 11
4298 11
4299 11
4300 11
4301 11
4302 11
4303 11
4304 11
4307 11
4308 11
4309 11
4310 11
4311 11
4312 11
4313 11
4314 11
4315 11
4316 11
4317 11
4318 11
4319 11
4320 11
4321 11
4322 11
4323 11
4324 11
4325 11
4326 11
4328 11
4329 11
4330 11
4331 11
4333 11
4335 11
4337 11
4338 11
4339 11
4340 11
4341 11
4343 11
4344 11
4345 11
4346 11
4347 11
4348 11
4349 11
4350 11
4351 11
4352 11
4353 11
4354 11
4355 11
4356 11
4357 11
4360 11
4361 11
4362 11
4363 11
4366 11
4367 11
4369 11
4370 11
4371 11
4372 11
4373 11
4374 11
4375 11
4376 11
4377 11
4378 11
4379 11
4380 11
4381 11
4382 11
4383 11
4385 11
4386 11
4387 11
4388 11
4389 11
4391 11
4392 11
4393 11
4394 11
4396 11
4397 11
4398 11
4399 11
4400 11
4401 11
4402 11
4403 11
4404 11
4405 11
4408 11
4409 11
4411 11
4412 11
4413 11
4414 11
4415 11
4416 11
4420 11
4421 11
4422 11
4423 11
4424 11
4426 11
4427 11
4429 11
4430 11
4431 11
4435 11
4436 11
4438 11
4439 11
4440 11
4441 11
4442 11
4443 11
4444 11
4446 11
4447 11
4448 11
4451 11
4452 11
4453 11
4454 11
4455 11
4456 11
4457 11
4458 11
4459 11
4460 11
4461 11
4462 11
4463 11
4464 11
4465 11
4466 11
4467 11
4468 11
4469 11
4470 11
4472 11
4473 11
4475 11
4476 11
4478 11
4479 11
4480 11
4481 11
4482 11
4483 11
4484 11
4485 11
4488 11
4489 11
4490 11
4491 11
4492 11
4493 11
4494 11
4496 11
4497 11
4498 11
4499 11
4501 11
4502 11
4503 11
4504 11
4507 11
4508 11
4509 11
4511 11
4512 11
4513 11
4515 11
4518 11
4519 11
4520 11
4521 11
4522 11
4523 11
4524 11
4526 11
4528 11
4529 11
4530 11
4531 11
4535 11
4536 11
4537 11
4538 11
4540 11
4541 11
4542 11
4543 11
4544 11
4545 11
4546 11
4547 11
4548 11
4550 11
4551 11
4552 11
4553 11
4554 11
4555 11
4556 11
4557 11
4558 11
4559 11
4561 11
4563 11
4564 11
4566 11
4567 11
4568 11
4570 11
4572 11
4573 11
4577 11
4578 11
4579 11
4581 11
4582 11
4583 11
4584 11
4586 11
4588 11
4589 11
4590 11
4591 11
4593 11
4594 11
4596 11
4597 11
4598 11
4599 11
4600 11
4601 11
4602 11
4604 11
4605 11
4606 11
4607 11
4608 11
4609 11
4611 11
4612 11
4613 11
4614 11
4615 11
4616 11
4617 11
4619 11
4622 11
4627 11
4628 11
4629 11
4630 11
4632 11
4633 11
4634 11
4635 11
4636 11
4637 11
4638 11
4639 11
4641 11
4642 11
4644 11
4645 11
4647 11
4648 11
4649 11
4651 12
4653 12
4658 12
4660 12
4662 12
4667 12
4668 12
4669 12
4673 12
4674 12
4677 12
4679 12
4685 12
4691 12
4696 12
4697 12
4714 12
4715 12
4722 12
4728 12
4729 12
4738 12
4744 12
4748 12
4750 12
4754 12
4764 12
4766 12
4775 12
4804 12
4810 12
4814 12
4816 12
4830 12
4835 12
4846 12
4851 12
4852 12
4864 12
4865 12
4872 12
4873 12
4877 12
4879 12
4880 12
4897 12
4898 12
4899 12
4913 12
4914 12
4924 12
4953 12
4957 12
5005 12
5014 12
5067 13
5156 13
5256 13
5392 13
5447 14
5555 14
5685 14
5693 14
5705 14
5756 14
6234 16
6241 16
6249 16
6285 16
6289 16
6291 16
6293 16
6295 16
6306 16
6309 16
6311 16
6314 16
6316 16
6317 16
6318 16
6333 16
6334 16
6335 16
6336 16
6341 16
6383 16
6395 16
6401 16
6412 16
6415 16
6416 16
6417 16
6419 16
6420 16
6423 16
6432 16
6435 16
6440 16
6473 16
6491 16
6494 16
6496 16
6497 16
6522 16
7059 18
7097 18
7130 18
7185 18
7187 18
7240 18
7259 18
13***
319 1
329 1
339 1
351 1
380 1
424 1
450 1
453 1
455 1
473 1
477 1
540 1
549 1
553 1
577 1
591 1
625 1
643 1
649 1
653 1
694 1
695 1
703 1
707 1
723 2
732 2
746 2
756 2
784 2
786 2
795 2
797 2
800 2
801 2
804 2
808 2
814 2
835 2
875 2
878 2
879 2
894 2
901 2
902 2
913 2
924 2
951 2
957 2
958 2
962 2
972 2
1005 2
1007 2
1017 2
1022 2
1023 2
1035 2
1046 2
1049 2
1051 2
1078 2
1080 2
1097 2
1101 2
1102 3
1103 3
1106 3
1107 3
1108 3
1109 3
1110 3
1112 3
1113 3
1115 3
1116 3
1118 3
1119 3
1120 3
1123 3
1124 3
1125 3
1127 3
1128 3
1129 3
1130 3
1131 3
1132 3
1133 3
1137 3
1140 3
1141 3
1142 3
1143 3
1144 3
1145 3
1147 3
1148 3
1149 3
1150 3
1151 3
1154 3
1155 3
1156 3
1158 3
1161 3
1162 3
1163 3
1165 3
1166 3
1167 3
1169 3
1171 3
1172 3
1173 3
1174 3
1175 3
1177 3
1178 3
1179 3
1180 3
1181 3
1182 3
1183 3
1184 3
1185 3
1186 3
1187 3
1188 3
1192 3
1193 3
1194 3
1195 3
1196 3
1198 3
1199 3
1200 3
1201 3
1203 3
1204 3
1205 3
1208 3
1209 3
1210 3
1211 3
1212 3
1213 3
1214 3
1215 3
1216 3
1217 3
1218 3
1220 3
1221 3
1222 3
1223 3
1224 3
1226 3
1227 3
1228 3
1230 3
1231 3
1233 3
1235 3
1236 3
1237 3
1238 3
1239 3
1242 3
1243 3
1244 3
1246 3
1247 3
1257 3
1260 3
1262 3
1263 3
1264 3
1265 3
1266 3
1267 3
1270 3
1273 3
1274 3
1276 3
1277 3
1279 3
1280 3
1281 3
1282 3
1284 3
1285 3
1288 3
1290 3
1291 3
1292 3
1293 3
1295 3
1296 3
1297 3
1298 3
1299 3
1300 3
1303 3
1304 3
1305 3
1308 3
1309 3
1310 3
1312 3
1314 3
1315 3
1316 3
1317 3
1318 3
1319 3
1320 3
1321 3
1322 3
1323 3
1324 3
1325 3
1326 3
1327 3
1329 3
1331 3
1332 3
1334 3
1335 3
1339 3
1340 3
1341 3
1342 3
1344 3
1345 3
1346 3
1347 3
1348 3
1349 3
1350 3
1351 3
1352 3
1353 3
1356 3
1357 3
1358 3
1359 3
1361 3
1362 3
1363 3
1364 3
1365 3
1367 3
1368 3
1369 3
1373 3
1374 3
1376 3
1379 3
1380 3
1381 3
1382 3
1384 3
1385 3
1386 3
1388 3
1389 3
1390 3
1392 3
1393 3
1395 3
1396 3
1397 3
1398 3
1399 3
1400 3
1401 3
1402 3
1403 3
1407 3
1408 3
1409 3
1411 3
1412 3
1415 3
1416 3
1417 3
1422 3
1427 3
1428 3
1429 3
1431 3
1433 3
1434 3
1435 3
1440 3
1441 3
1442 3
1443 3
1444 3
1446 3
1447 3
1448 3
1449 3
1450 3
1451 3
1452 3
1453 3
1455 3
1456 3
1457 3
1459 3
1460 3
1462 3
1463 3
1464 3
1466 3
1467 3
1468 3
1469 3
1470 3
1471 3
1472 3
1473 3
1474 3
1475 3
1476 3
1477 3
1478 3
1481 3
1482 3
1485 3
1486 3
1488 3
1489 3
1492 3
1493 3
1495 4
1496 4
1497 4
1498 4
1499 4
1500 4
1501 4
1503 4
1505 4
1507 4
1512 4
1513 4
1515 4
1516 4
1517 4
1521 4
1522 4
1525 4
1526 4
1527 4
1528 4
1530 4
1532 4
1534 4
1537 4
1538 4
1539 4
1540 4
1541 4
1542 4
1543 4
1545 4
1547 4
1549 4
1551 4
1552 4
1553 4
1555 4
1557 4
1560 4
1561 4
1563 4
1564 4
1565 4
1566 4
1567 4
1569 4
1570 4
1572 4
1574 4
1576 4
1577 4
1583 4
1584 4
1586 4
1587 4
1588 4
1590 4
1591 4
1598 4
1601 4
1602 4
1604 4
1606 4
1607 4
1610 4
1611 4
1612 4
1613 4
1614 4
1616 4
1618 4
1619 4
1622 4
1624 4
1628 4
1630 4
1634 4
1635 4
1637 4
1638 4
1639 4
1640 4
1641 4
1646 4
1647 4
1648 4
1650 4
1651 4
1653 4
1657 4
1658 4
1660 4
1661 4
1662 4
1663 4
1664 4
1665 4
1666 4
1667 4
1668 4
1669 4
1671 4
1673 4
1674 4
1675 4
1676 4
1677 4
1678 4
1681 4
1684 4
1686 4
1687 4
1691 4
1692 4
1693 4
1694 4
1695 4
1697 4
1698 4
1699 4
1702 4
1705 4
1706 4
1707 4
1708 4
1719 4
1720 4
1721 4
1723 4
1725 4
1726 4
1727 4
1728 4
1729 4
1731 4
1733 4
1734 4
1738 4
1742 4
1743 4
1744 4
1745 4
1747 4
1748 4
1749 4
1750 4
1751 4
1752 4
1753 4
1754 4
1755 4
1756 4
1757 4
1759 4
1760 4
1763 4
1764 4
1765 4
1766 4
1767 4
1769 4
1770 4
1772 4
1774 4
1775 4
1776 4
1777 4
1780 4
1782 4
1784 4
1785 4
1786 4
1787 4
1788 4
1789 4
1790 4
1793 4
1795 4
1797 4
1799 4
1800 4
1801 4
1806 4
1808 4
1810 4
1811 4
1812 4
1813 4
1817 4
1820 4
1821 4
1822 4
1827 4
1828 4
1829 4
1831 4
1832 4
1833 4
1835 4
1837 4
1838 4
1839 4
1843 4
1845 4
1847 4
1848 4
1849 4
1850 4
1851 4
1852 4
1856 4
1858 4
1860 4
1861 4
1863 4
1864 4
1865 4
1866 4
1867 4
1868 4
1869 4
1870 4
1871 4
1872 4
1876 4
1877 4
2000 5
2033 5
2136 5
2168 5
2274 6
2275 6
2276 6
2278 6
2281 6
2284 6
2287 6
2288 6
2292 6
2299 6
2300 6
2302 6
2305 6
2308 6
2322 6
2324 6
2334 6
2335 6
2340 6
2354 6
2356 6
2358 6
2362 6
2375 6
2376 6
2387 6
2388 6
2407 6
2423 6
2442 6
2443 6
2446 6
2454 6
2462 6
2473 6
2475 6
2477 6
2479 6
2480 6
2491 6
2492 6
2500 6
2502 6
2507 6
2529 6
2538 6
2545 6
2549 6
2554 6
2557 6
2558 6
2565 6
2566 6
2575 6
2579 6
2580 6
2582 6
2591 6
2600 6
2601 6
2607 6
2612 6
2616 6
2617 6
2622 6
2625 6
2630 6
2636 6
2638 6
2639 6
2663 6
2932 7
2946 7
4532 11
4534 11
4626 11
4650 12
4657 12
4671 12
4676 12
4682 12
4684 12
4687 12
4690 12
4700 12
4701 12
4704 12
4708 12
4717 12
4723 12
4727 12
4741 12
4743 12
4749 12
4752 12
4753 12
4755 12
4757 12
4762 12
4765 12
4769 12
4777 12
4789 12
4793 12
4796 12
4799 12
4800 12
4803 12
4805 12
4812 12
4817 12
4822 12
4824 12
4825 12
4826 12
4838 12
4843 12
4853 12
4855 12
4859 12
4867 12
4869 12
4878 12
4881 12
4893 12
4894 12
4895 12
4900 12
4906 12
4915 12
4916 12
4918 12
4927 12
4934 12
4942 12
4955 12
4956 12
4958 12
4962 12
4973 12
4984 12
4996 12
4997 12
5002 12
5003 12
5007 12
5016 12
5028 12
5030 12
5039 12
5040 12
5333 13
5355 13
5762 14
5828 14
6504 16
14***
303 0
592 1
914 2
1091 2
1219 3
1421 3
1592 4
1783 4
2092 5
2351 6
2586 6
2677 7
2681 7
2685 7
2692 7
2699 7
2701 7
2703 7
2713 7
2729 7
2730 7
2734 7
2749 7
2764 7
2767 7
2773 7
2779 7
2800 7
2803 7
2816 7
2831 7
2867 7
2903 7
2912 7
2939 7
2950 7
2951 7
2980 7
2981 7
2985 7
3001 7
3005 7
3024 7
3031 7
3035 7
3037 7
3045 7
3382 8
3383 8
3494 9
3776 9
4751 12
4776 12
4795 12
4797 12
4798 12
4802 12
4806 12
4820 12
4829 12
4840 12
4842 12
4860 12
4871 12
4890 12
4905 12
4911 12
5010 12
5021 12
5267 13
5319 13
5441 14
5442 14
5443 14
5445 14
5450 14
5452 14
5453 14
5456 14
5457 14
5459 14
5462 14
5463 14
5465 14
5468 14
5469 14
5470 14
5471 14
5475 14
5478 14
5479 14
5480 14
5485 14
5486 14
5488 14
5489 14
5491 14
5492 14
5493 14
5494 14
5496 14
5497 14
5498 14
5499 14
5500 14
5501 14
5502 14
5503 14
5504 14
5505 14
5508 14
5509 14
5510 14
5512 14
5513 14
5514 14
5515 14
5517 14
5519 14
5526 14
5528 14
5529 14
5530 14
5531 14
5535 14
5536 14
5538 14
5539 14
5541 14
5545 14
5546 14
5550 14
5551 14
5557 14
5558 14
5559 14
5560 14
5563 14
5564 14
5565 14
5566 14
5571 14
5574 14
5577 14
5579 14
5583 14
5586 14
5587 14
5591 14
5594 14
5595 14
5596 14
5597 14
5603 14
5604 14
5605 14
5606 14
5607 14
5610 14
5611 14
5612 14
5614 14
5616 14
5617 14
5618 14
5620 14
5622 14
5623 14
5624 14
5627 14
5628 14
5632 14
5634 14
5636 14
5637 14
5639 14
5640 14
5641 14
5644 14
5645 14
5646 14
5647 14
5648 14
5649 14
5652 14
5653 14
5655 14
5659 14
5660 14
5662 14
5663 14
5664 14
5668 14
5670 14
5671 14
5672 14
5674 14
5676 14
5677 14
5678 14
5680 14
5681 14
5682 14
5684 14
5687 14
5689 14
5690 14
5692 14
5694 14
5695 14
5696 14
5698 14
5700 14
5707 14
5708 14
5710 14
5711 14
5713 14
5716 14
5717 14
5718 14
5721 14
5722 14
5724 14
5725 14
5727 14
5728 14
5729 14
5731 14
5733 14
5737 14
5739 14
5741 14
5743 14
5745 14
5746 14
5747 14
5749 14
5752 14
5753 14
5759 14
5760 14
5764 14
5765 14
5766 14
5767 14
5768 14
5771 14
5772 14
5773 14
5774 14
5775 14
5776 14
5780 14
5784 14
5785 14
5786 14
5787 14
5788 14
5789 14
5797 14
5799 14
5800 14
5801 14
5803 14
5804 14
5805 14
5808 14
5809 14
5810 14
5811 14
5812 14
5813 14
5814 14
5815 14
5817 14
5818 14
5820 14
5821 14
5824 14
5826 14
5827 14
5829 14
5830 14
5831 14
5832 14
6171 15
6283 16
6974 18
7340 19
7374 19
7375 19
7508 19
15***
19 0
27 0
32 0
43 0
56 0
70 0
98 0
111 0
116 0
125 0
138 0
139 0
140 0
141 0
142 0
161 0
162 0
188 0
207 0
208 0
209 0
214 0
217 0
281 0
392 1
561 1
618 1
677 1
2525 6
3512 9
4279 11
4703 12
5053 13
5119 13
5161 13
5179 13
5180 13
5303 13
5833 15
6385 16
6463 16
6595 17
6596 17
6597 17
6598 17
6599 17
6600 17
6602 17
6603 17
6604 17
6605 17
6606 17
6607 17
6608 17
6609 17
6610 17
6611 17
6612 17
6613 17
6614 17
6615 17
6616 17
6617 17
6618 17
6619 17
6620 17
6621 17
6622 17
6624 17
6625 17
6626 17
6628 17
6629 17
6630 17
6635 17
6636 17
6637 17
6638 17
6640 17
6641 17
6642 17
6643 17
6644 17
6645 17
6646 17
6647 17
6648 17
6649 17
6650 17
6651 17
6652 17
6653 17
6654 17
6655 17
6656 17
6657 17
6658 17
6659 17
6660 17
6661 17
6662 17
6663 17
6664 17
6665 17
6666 17
6667 17
6668 17
6669 17
6670 17
6671 17
6672 17
6673 17
6674 17
6675 17
6676 17
6677 17
6678 17
6679 17
6680 17
6681 17
6682 17
6683 17
6684 17
6685 17
6686 17
6687 17
6688 17
6689 17
6690 17
6691 17
6692 17
6693 17
6694 17
6695 17
6696 17
6697 17
6698 17
6699 17
6700 17
6701 17
6702 17
6703 17
6705 17
6706 17
6707 17
6708 17
6709 17
6710 17
6711 17
6712 17
6713 17
6715 17
6716 17
6717 17
6718 17
6719 17
6720 17
6721 17
6722 17
6723 17
6724 17
6725 17
6727 17
6728 17
6729 17
6730 17
6731 17
6732 17
6733 17
6735 17
6736 17
6737 17
6738 17
6739 17
6740 17
6741 17
6743 17
6744 17
6745 17
6746 17
6747 17
6749 17
6750 17
6751 17
6752 17
6753 17
6754 17
6755 17
6756 17
6757 17
6758 17
6759 17
6760 17
6761 17
6762 17
6763 17
6764 17
6765 17
6767 17
6768 17
6769 17
6770 17
6771 17
6772 17
6773 17
6774 17
6775 17
6776 17
6777 17
6778 17
6779 17
6780 17
6781 17
6783 17
6784 17
6785 17
6786 17
6787 17
6789 17
6790 17
6791 17
6792 17
6793 17
6794 17
6795 17
6796 17
6797 17
6798 17
6799 17
6800 17
6801 17
6802 17
6803 17
6804 17
6805 17
6806 17
6807 17
6808 17
6809 17
6810 17
6811 17
6814 17
6815 17
6816 17
6817 17
6818 17
6819 17
6820 17
6822 17
6823 17
6824 17
6825 17
6827 17
6828 17
6829 17
6830 17
6831 17
6832 17
6833 17
6834 17
6835 17
6836 17
6837 17
6838 17
6839 17
6840 17
6841 17
6842 17
6843 17
6844 17
6846 17
6847 17
6848 17
6849 17
6850 17
6851 17
6852 17
6853 17
6854 17
6855 17
6856 17
6858 17
6859 17
6860 17
6861 17
6862 17
6863 17
6864 17
6865 17
6866 17
6867 17
6868 17
6869 17
6870 17
6871 17
6872 17
6873 17
6874 17
6875 17
6876 17
6877 17
6878 17
6880 17
6881 17
6882 17
6884 17
6885 17
6886 17
6889 17
6890 17
6891 17
6893 17
6894 17
6895 17
6896 17
6897 17
6898 17
6899 17
6900 17
6902 17
6903 17
6904 17
6905 17
6906 17
6907 17
6908 17
6909 17
6910 17
6911 17
6912 17
6913 17
6914 17
6915 17
6916 17
6917 17
6918 17
6919 17
6920 17
6921 17
6922 17
6923 17
6924 17
6925 17
6926 17
6927 17
6928 17
6929 17
6930 17
6931 17
6932 17
6933 17
6934 17
6935 17
6936 17
6937 17
6938 17
6939 17
6940 17
6941 17
6942 17
6943 17
6944 17
6946 17
6947 17
6948 17
6949 17
6950 17
6951 17
6953 17
6954 17
6955 17
6956 17
6957 17
6958 17
6959 17
6963 17
6964 17
6965 17
6966 17
6968 17
6970 17
6975 18
7012 18
7116 18
7119 18
7146 18
7171 18
7173 18
7192 18
7214 18
7220 18
7223 18
7225 18
7226 18
7236 18
7239 18
7245 18
7251 18
7252 18
7258 18
7296 19
7353 19
7354 19
7356 19
7411 19
7465 19
16***
33 0
64 0
95 0
243 0
311 0
323 1
394 1
633 1
782 2
829 2
834 2
1261 3
1404 3
2467 6
2512 6
2563 6
2611 6
3016 7
3066 8
3116 8
3304 8
3329 8
3362 8
3369 8
4185 10
4818 12
4832 12
5009 12
5017 12
5038 12
5063 13
5145 13
5306 13
5307 13
5367 13
5448 14
5573 14
5656 14
5791 14
5837 15
5839 15
5842 15
5843 15
5844 15
5853 15
5863 15
5864 15
5866 15
5869 15
5872 15
5885 15
5890 15
5897 15
5898 15
5900 15
5901 15
5905 15
5910 15
5911 15
5912 15
5920 15
5925 15
5929 15
5934 15
5935 15
5936 15
5943 15
5944 15
5948 15
5950 15
5956 15
5959 15
5960 15
5962 15
5966 15
5969 15
5972 15
5976 15
5979 15
5992 15
5998 15
6006 15
6015 15
6016 15
6017 15
6023 15
6024 15
6025 15
6026 15
6028 15
6034 15
6041 15
6043 15
6045 15
6047 15
6049 15
6050 15
6052 15
6053 15
6054 15
6063 15
6067 15
6070 15
6080 15
6082 15
6091 15
6094 15
6107 15
6109 15
6112 15
6121 15
6122 15
6130 15
6135 15
6136 15
6137 15
6139 15
6145 15
6146 15
6147 15
6149 15
6151 15
6153 15
6154 15
6155 15
6156 15
6157 15
6167 15
6174 15
6177 15
6179 15
6180 15
6181 15
6187 15
6189 15
6196 15
6201 15
6207 15
6209 15
6216 15
6221 15
6224 15
6226 15
6228 15
6229 15
6406 16
6571 16
6584 16
6585 16
7043 18
7122 18
7123 18
7283 19
7284 19
7285 19
7290 19
7304 19
7323 19
7338 19
7342 19
7347 19
7351 19
7381 19
7384 19
7392 19
7487 19
7490 19
7507 19
7509 19
7510 19
7511 19
7513 19
7523 19
17***
415 1
499 1
500 1
502 1
623 1
689 1
1275 3
1454 3
1461 3
1465 3
1519 4
1536 4
1589 4
1595 4
1603 4
1631 4
1642 4
1796 4
1855 4
2022 5
2277 6
2280 6
2282 6
2283 6
2286 6
2289 6
2293 6
2294 6
2295 6
2298 6
2301 6
2307 6
2309 6
2310 6
2312 6
2313 6
2314 6
2315 6
2317 6
2318 6
2319 6
2321 6
2323 6
2325 6
2326 6
2327 6
2328 6
2329 6
2330 6
2331 6
2332 6
2333 6
2336 6
2337 6
2338 6
2343 6
2344 6
2345 6
2346 6
2347 6
2348 6
2349 6
2350 6
2352 6
2353 6
2355 6
2357 6
2361 6
2363 6
2364 6
2365 6
2366 6
2367 6
2368 6
2369 6
2370 6
2371 6
2372 6
2373 6
2374 6
2378 6
2379 6
2380 6
2381 6
2382 6
2383 6
2384 6
2385 6
2389 6
2390 6
2391 6
2392 6
2393 6
2394 6
2395 6
2396 6
2397 6
2398 6
2399 6
2400 6
2401 6
2402 6
2403 6
2404 6
2405 6
2406 6
2408 6
2409 6
2411 6
2412 6
2413 6
2416 6
2418 6
2420 6
2422 6
2424 6
2425 6
2427 6
2428 6
2429 6
2430 6
2431 6
2432 6
2433 6
2434 6
2436 6
2437 6
2438 6
2440 6
2441 6
2444 6
2448 6
2450 6
2456 6
2458 6
2461 6
2463 6
2464 6
2465 6
2466 6
2469 6
2472 6
2474 6
2478 6
2482 6
2486 6
2488 6
2489 6
2490 6
2493 6
2494 6
2496 6
2497 6
2498 6
2501 6
2504 6
2508 6
2515 6
2517 6
2518 6
2519 6
2522 6
2523 6
2524 6
2526 6
2527 6
2528 6
2530 6
2531 6
2532 6
2533 6
2534 6
2535 6
2536 6
2537 6
2539 6
2540 6
2541 6
2543 6
2546 6
2548 6
2550 6
2552 6
2553 6
2556 6
2560 6
2561 6
2567 6
2568 6
2569 6
2570 6
2572 6
2574 6
2576 6
2577 6
2578 6
2583 6
2585 6
2588 6
2589 6
2590 6
2592 6
2593 6
2594 6
2595 6
2596 6
2597 6
2598 6
2599 6
2602 6
2605 6
2606 6
2610 6
2614 6
2618 6
2619 6
2621 6
2624 6
2627 6
2631 6
2632 6
2633 6
2634 6
2637 6
2640 6
2641 6
2642 6
2644 6
2647 6
2648 6
2652 6
2655 6
2657 6
2659 6
2686 7
2711 7
2736 7
2777 7
2806 7
2847 7
2873 7
2998 7
3012 7
3023 7
3132 8
3137 8
3351 8
3416 8
3433 8
3538 9
3739 9
3780 9
3852 9
4425 11
4663 12
4689 12
4760 12
4782 12
4827 12
4834 12
4844 12
4856 12
4903 12
4932 12
4960 12
4987 12
4992 12
5193 13
5201 13
5202 13
5426 13
5806 14
6250 16
6421 16
18***
1 0
2 0
4 0
7 0
8 0
9 0
10 0
12 0
15 0
22 0
23 0
28 0
34 0
35 0
38 0
39 0
41 0
45 0
46 0
47 0
48 0
49 0
50 0
51 0
52 0
53 0
61 0
67 0
68 0
69 0
72 0
73 0
74 0
75 0
76 0
77 0
78 0
83 0
84 0
85 0
89 0
90 0
91 0
92 0
93 0
94 0
100 0
101 0
102 0
103 0
104 0
105 0
106 0
107 0
108 0
109 0
110 0
112 0
113 0
115 0
118 0
124 0
131 0
136 0
143 0
145 0
149 0
150 0
151 0
152 0
154 0
156 0
157 0
158 0
159 0
163 0
164 0
165 0
166 0
167 0
168 0
169 0
172 0
175 0
176 0
179 0
181 0
182 0
187 0
189 0
190 0
192 0
193 0
195 0
196 0
198 0
199 0
201 0
204 0
205 0
206 0
216 0
222 0
223 0
225 0
227 0
230 0
231 0
237 0
239 0
245 0
246 0
248 0
249 0
251 0
252 0
254 0
255 0
256 0
258 0
259 0
261 0
262 0
263 0
264 0
265 0
267 0
268 0
269 0
271 0
272 0
274 0
275 0
276 0
277 0
278 0
279 0
280 0
282 0
284 0
285 0
286 0
289 0
290 0
292 0
293 0
298 0
299 0
300 0
301 0
302 0
305 0
306 0
307 0
317 0
350 1
548 1
606 1
629 1
630 1
673 1
692 1
1040 2
1413 3
1480 3
1571 4
2039 5
2041 5
2320 6
2516 6
2813 7
2822 7
3471 9
3486 9
3584 9
3592 9
3635 9
3755 9
3787 9
4359 11
4664 12
4848 12
4866 12
4966 12
4967 12
5339 13
5461 14
5777 14
5807 14
5855 15
5856 15
5880 15
5941 15
5982 15
5991 15
6223 15
6429 16
6482 16
6527 16
6568 16
6985 18
7015 18
7036 18
7053 18
7073 18
7162 18
7300 19
7301 19
7305 19
7314 19
7318 19
7322 19
7325 19
7327 19
7331 19
7355 19
7361 19
7362 19
7370 19
7371 19
7372 19
7373 19
7378 19
7379 19
7380 19
7385 19
7386 19
7387 19
7388 19
7390 19
7402 19
7403 19
7404 19
7405 19
7406 19
7409 19
7413 19
7418 19
7419 19
7420 19
7421 19
7422 19
7423 19
7424 19
7428 19
7434 19
7435 19
7438 19
7439 19
7440 19
7442 19
7445 19
7459 19
7466 19
7467 19
7474 19
7475 19
7476 19
7478 19
7479 19
7483 19
7484 19
7498 19
7501 19
7502 19
7503 19
7504 19
7512 19
7517 19
7531 19
19***
325 1
326 1
327 1
333 1
335 1
362 1
369 1
407 1
410 1
420 1
431 1
440 1
443 1
445 1
463 1
465 1
474 1
482 1
490 1
532 1
533 1
536 1
538 1
543 1
544 1
550 1
551 1
562 1
578 1
620 1
624 1
638 1
645 1
658 1
667 1
696 1
729 2
733 2
745 2
906 2
935 2
937 2
941 2
943 2
985 2
1001 2
1026 2
1240 3
1245 3
1251 3
1252 3
1255 3
1256 3
1311 3
1378 3
1414 3
1423 3
1425 3
1438 3
1518 4
1524 4
1568 4
1643 4
1680 4
1732 4
1736 4
1737 4
1762 4
1814 4
1888 5
1897 5
1910 5
1912 5
1941 5
1968 5
1970 5
1971 5
1974 5
1982 5
1984 5
1987 5
1988 5
1991 5
1993 5
1994 5
1996 5
2001 5
2014 5
2023 5
2059 5
2069 5
2075 5
2087 5
2097 5
2130 5
2140 5
2169 5
2177 5
2179 5
2185 5
2232 5
2262 5
2339 6
2341 6
2342 6
2609 6
2665 7
2687 7
2769 7
2870 7
2896 7
2937 7
2974 7
3034 7
3047 7
3131 8
3195 8
3444 8
3498 9
3527 9
3559 9
3603 9
3615 9
3654 9
3706 9
3742 9
3745 9
3782 9
3790 9
3806 9
3831 9
3842 9
3848 9
3880 10
3888 10
3952 10
3973 10
3976 10
3978 10
3991 10
3993 10
4125 10
4134 10
4143 10
4154 10
4179 10
4180 10
4215 10
4242 10
4433 11
4517 11
4587 11
4623 11
4631 11
4654 12
4659 12
4692 12
4698 12
4739 12
4768 12
4774 12
4784 12
4792 12
4831 12
4839 12
4854 12
4868 12
4876 12
4884 12
4886 12
4888 12
4891 12
4901 12
4902 12
4907 12
4919 12
4920 12
4928 12
4930 12
4935 12
4943 12
4946 12
4951 12
4954 12
4965 12
4980 12
4982 12
4989 12
5004 12
5018 12
5019 12
5024 12
5025 12
5083 13
5147 13
5166 13
5253 13
5254 13
5258 13
5334 13
5350 13
5552 14
5665 14
5667 14
5697 14
6140 15
7109 18
7200 18
7281 19
7457 19
